0.7112044607530305
1.255272505103306
1.0791812460476249
1.255272505103306
1.5563025007672873
0.9542425094393249
1.5563025007672873
1.255272505103306
1.255272505103306
1.255272505103306
1.5563025007672873
1.5563025007672873
1.5563025007672873
0.7781512503836436
1.5563025007672873
1.5563025007672873
1.5563025007672873
1.255272505103306
1.5563025007672873
1.5563025007672873
1.5563025007672873
1.5563025007672873
1.5563025007672873
1.5563025007672873
1.5563025007672873
1.0791812460476249
1.5563025007672873
1.5563025007672873
1.5563025007672873
1.5563025007672873
1.5563025007672873
1.5563025007672873
1.5563025007672873
1.5563025007672873
1.255272505103306
1.5563025007672873
1.5563025007672873
1.5563025007672873
0.7112044607530305
1.5563025007672873
1.5563025007672873
1.5563025007672873
1.255272505103306
1.5563025007672873
1.5563025007672873
0.9542425094393249
1.5563025007672873
1.5563025007672873
1.5563025007672873
1.5563025007672873
1.5563025007672873
1.5563025007672873
1.5563025007672873
0.8573324964312685
1.5563025007672873
1.5563025007672873
1.5563025007672873
1.5563025007672873
1.5563025007672873
1.5563025007672873
1.5563025007672873
1.5563025007672873
1.5563025007672873
1.255272505103306
1.5563025007672873
1.5563025007672873
1.5563025007672873
1.5563025007672873
0.5149098156090622
1.5563025007672873
1.255272505103306
1.255272505103306
0.8573324964312685
1.255272505103306
1.255272505103306
1.255272505103306
1.255272505103306
1.255272505103306
1.255272505103306
1.255272505103306
0.9542425094393249
0.9542425094393249
1.255272505103306
1.5563025007672873
1.5563025007672873
0.9542425094393249
1.5563025007672873
1.5563025007672873
1.0791812460476249
1.5563025007672873
1.5563025007672873
1.5563025007672873
1.5563025007672873
1.5563025007672873
1.5563025007672873
1.5563025007672873
1.5563025007672873
1.255272505103306
1.5563025007672873
1.5563025007672873
1.5563025007672873
1.5563025007672873
1.5563025007672873
1.5563025007672873
1.5563025007672873
1.5563025007672873
1.5563025007672873
1.5563025007672873
1.5563025007672873
1.5563025007672873
1.5563025007672873
1.5563025007672873
1.255272505103306
1.5563025007672873
1.5563025007672873
1.5563025007672873
1.0791812460476249
1.5563025007672873
1.5563025007672873
1.5563025007672873
1.5563025007672873
1.5563025007672873
1.5563025007672873
1.5563025007672873
1.5563025007672873
1.5563025007672873
1.5563025007672873
1.5563025007672873
1.0791812460476249
1.5563025007672873
0.9542425094393249
1.5563025007672873
1.5563025007672873
1.255272505103306
1.5563025007672873
1.5563025007672873
1.255272505103306
1.5563025007672873
1.5563025007672873
1.5563025007672873
1.5563025007672873
1.5563025007672873
1.0791812460476249
1.0791812460476249
1.5563025007672873
1.5563025007672873
1.5563025007672873
1.255272505103306
1.255272505103306
1.5563025007672873
1.5563025007672873
1.5563025007672873
1.5563025007672873
1.5563025007672873
1.5563025007672873
1.5563025007672873
1.5563025007672873
1.5563025007672873
1.5563025007672873
1.5563025007672873
1.5563025007672873
1.5563025007672873
1.5563025007672873
1.5563025007672873
1.5563025007672873
1.5563025007672873
1.5563025007672873
1.5563025007672873
1.255272505103306
1.5563025007672873
1.5563025007672873
1.5563025007672873
1.5563025007672873
1.5563025007672873
1.255272505103306
1.255272505103306
1.5563025007672873
1.5563025007672873
1.5563025007672873
1.5563025007672873
1.5563025007672873
1.5563025007672873
1.5563025007672873
1.5563025007672873
1.5563025007672873
1.5563025007672873
1.255272505103306
1.5563025007672873
1.5563025007672873
1.5563025007672873
1.5563025007672873
1.255272505103306
1.5563025007672873
1.5563025007672873
1.5563025007672873
1.5563025007672873
1.5563025007672873
1.5563025007672873
1.5563025007672873
1.5563025007672873
1.5563025007672873
1.5563025007672873
1.5563025007672873
1.5563025007672873
1.5563025007672873
1.5563025007672873
1.5563025007672873
1.5563025007672873
1.5563025007672873
1.5563025007672873
1.5563025007672873
1.5563025007672873
1.5563025007672873
1.5563025007672873
1.5563025007672873
1.5563025007672873
1.5563025007672873
1.255272505103306
1.5563025007672873
1.5563025007672873
1.5563025007672873
1.5563025007672873
1.5563025007672873
1.5563025007672873
1.5563025007672873
1.5563025007672873
1.5563025007672873
1.5563025007672873
1.5563025007672873
1.5563025007672873
1.5563025007672873
1.5563025007672873
1.5563025007672873
1.5563025007672873
1.5563025007672873
1.5563025007672873
1.5563025007672873
1.5563025007672873
1.5563025007672873
1.5563025007672873
1.5563025007672873
1.5563025007672873
1.5563025007672873
1.5563025007672873
1.5563025007672873
1.5563025007672873
1.5563025007672873
1.5563025007672873
1.5563025007672873
1.5563025007672873
1.5563025007672873
1.5563025007672873
1.5563025007672873
1.5563025007672873
1.5563025007672873
1.5563025007672873
1.5563025007672873
1.5563025007672873
1.5563025007672873
1.5563025007672873
1.5563025007672873
1.5563025007672873
1.5563025007672873
1.5563025007672873
1.5563025007672873
1.5563025007672873
1.5563025007672873
1.5563025007672873
1.5563025007672873
1.5563025007672873
1.5563025007672873
1.5563025007672873
1.5563025007672873
1.5563025007672873
1.5563025007672873
1.5563025007672873
1.5563025007672873
1.5563025007672873
1.5563025007672873
1.5563025007672873
1.5563025007672873
1.5563025007672873
1.5563025007672873
1.5563025007672873
1.5563025007672873
1.5563025007672873
1.5563025007672873
1.5563025007672873
1.5563025007672873
1.5563025007672873
1.5563025007672873
1.5563025007672873
1.5563025007672873
1.5563025007672873
1.5563025007672873
1.5563025007672873
1.5563025007672873
1.5563025007672873
1.5563025007672873
1.5563025007672873
1.5563025007672873
1.5563025007672873
1.5563025007672873
1.5563025007672873
1.5563025007672873
1.5563025007672873
1.5563025007672873
1.5563025007672873
1.5563025007672873
1.5563025007672873
1.5563025007672873
1.5563025007672873
1.255272505103306
1.5563025007672873
1.5563025007672873
1.5563025007672873
1.5563025007672873
1.5563025007672873
1.5563025007672873
1.5563025007672873
1.5563025007672873
1.5563025007672873
1.5563025007672873
1.5563025007672873
1.255272505103306
1.5563025007672873
1.5563025007672873
1.5563025007672873
1.5563025007672873
1.5563025007672873
1.5563025007672873
1.5563025007672873
1.5563025007672873
1.5563025007672873
1.5563025007672873
1.5563025007672873
1.5563025007672873